GA_CART_UCI21,26,22,26,20,19,25,20,22,22,19,22,20,23,20,22,19,22,23,27,20,23,18,22,24,18,21,22,20,22,
GA_MLP_UCI19,17,13,18,21,19,22,17,20,20,8,17,17,24,18,18,16,19,16,21,12,23,17,18,18,14,19,21,20,20,
GA_SVM_UCI22,17,21,22,19,20,21,24,16,18,22,19,19,20,18,22,21,20,

duplicate
cart+GA21,17,14,17,18,20,14,17,14,16,16,17,17,19,18,17,16,18,16,16,21,20,19,21,19,21,16,15,14,18,19,
SVM+GA18,19,21,20,17,20,24,21,20,17,23,23,21,21,23,20,20,22,20,23,18,21,20,21,21,23,18,20,21,19,22,
Perceptron+GA15,9,19,19,19,17,17,14,18,17,22,16,16,20,11,17,17,21,19,16,15,15,16,17,19,18,14,10,18,17,19,17,18,
BernoulliNB+GA18,17,20,18,17,19,23,21,20,21,18,16,18,25,17,16,23,21,22,22,18,20,20,19,18,23,19,20,23,20,17,
LogisticRegression+GA19,23,15,20,22,24,19,18,16,19,27,21,18,23,20,22,16,16,21,19,20,22,21,12,18,15,16,16,18,19,23,17,14,21,14,
KNN+GA16,14,20,17,14,18,18,15,19,16,17,18,20,17,17,15,15,19,12,24,14,17,18,14,23,15,18,15,14,17,23,
SGD+GA19,16,23,19,18,17,15,17,20,21,20,16,18,15,22,20,20,22,19,22,18,25,21,15,18,20,19,21,22,20,17,24,
RFC+GA18,20,23,19,17,19,20,17,20,21,16,24,24,19,20,20,19,18,19,19,18,19,19,20,19,19,18,17,20,20,17,20,20,17,18,20,19,24,21,20,17,16,19,14,20,19,

chi-squareCART,1,2,3,4,5,6,7,8,9,10,11,12,13,14,15,16,17,18,19,20,21,22,23,24,25,26,27,28,29,
chi-squareSVM,1,2,3,4,5,6,7,8,9,10,11,12,13,14,15,16,17,18,19,20,21,22,23,24,25,26,27,28,29,
chi-squareMLP,1,2,3,4,5,6,7,8,9,10,11,12,13,14,15,16,17,18,19,20,21,22,23,24,25,26,27,28,29,
chi-squareBNB,1,2,3,4,5,6,7,8,9,10,11,12,13,14,15,16,17,18,19,20,21,22,23,24,25,26,27,28,29,
chi-squareGNB,1,2,3,4,5,6,7,8,9,10,11,12,13,14,15,16,17,18,19,20,21,22,23,24,25,26,27,28,29,
chi-squareMNB,1,2,3,4,5,6,7,8,9,10,11,12,13,14,15,16,17,18,19,20,21,22,23,24,25,26,27,28,29,
chi-squareCONB,1,2,3,4,5,6,7,8,9,10,11,12,13,14,15,16,17,18,19,20,21,22,23,24,25,26,27,28,29,
chi-squareCANB,1,2,3,4,5,6,7,8,9,10,11,12,13,14,15,16,17,18,19,20,21,22,23,24,25,26,27,28,29,
chi-squareLR,1,2,3,4,5,6,7,8,9,10,11,12,13,14,15,16,17,18,19,20,21,22,23,24,25,26,27,28,29,
chi-squareKNN,1,2,3,4,5,6,7,8,9,10,11,12,13,14,15,16,17,18,19,20,21,22,23,24,25,26,27,28,29,
chi-squareSGD,1,2,3,4,5,6,7,8,9,10,11,12,13,14,15,16,17,18,19,20,21,22,23,24,25,26,27,28,29,
chi-squareRF,1,2,3,4,5,6,7,8,9,10,11,12,13,14,15,16,17,18,19,20,21,22,23,24,25,26,27,28,29,

K_personCART,1,2,3,4,5,6,7,8,9,10,11,12,13,14,15,16,17,18,19,20,21,22,23,24,25,26,27,28,29,
K_personSVM,1,2,3,4,5,6,7,8,9,10,11,12,13,14,15,16,17,18,19,20,21,22,23,24,25,26,27,28,29,
K_personMLP,1,2,3,4,5,6,7,8,9,10,11,12,13,14,15,16,17,18,19,20,21,22,23,24,25,26,27,28,29,
K_personBNB,1,2,3,4,5,6,7,8,9,10,11,12,13,14,15,16,17,18,19,20,21,22,23,24,25,26,27,28,29,
K_personGNB,1,2,3,4,5,6,7,8,9,10,11,12,13,14,15,16,17,18,19,20,21,22,23,24,25,26,27,28,29,
K_personMNB,1,2,3,4,5,6,7,8,9,10,11,12,13,14,15,16,17,18,19,20,21,22,23,24,25,26,27,28,29,
K_personCONB,1,2,3,4,5,6,7,8,9,10,11,12,13,14,15,16,17,18,19,20,21,22,23,24,25,26,27,28,29,
K_personCANB,1,2,3,4,5,6,7,8,9,10,11,12,13,14,15,16,17,18,19,20,21,22,23,24,25,26,27,28,29,
K_personLR,1,2,3,4,5,6,7,8,9,10,11,12,13,14,15,16,17,18,19,20,21,22,23,24,25,26,27,28,29,
K_personKNN,1,2,3,4,5,6,7,8,9,10,11,12,13,14,15,16,17,18,19,20,21,22,23,24,25,26,27,28,29,
K_personSGD,1,2,3,4,5,6,7,8,9,10,11,12,13,14,15,16,17,18,19,20,21,22,23,24,25,26,27,28,29,
K_personRF,1,2,3,4,5,6,7,8,9,10,11,12,13,14,15,16,17,18,19,20,21,22,23,24,25,26,27,28,29,


RFECART,1,2,3,4,5,6,7,8,9,10,11,12,13,14,15,16,17,18,19,20,21,22,23,24,25,26,27,28,29,
RFESVM,
RFEMLP,1,2,3,4,5,6,7,8,9,10,11,12,13,14,15,16,17,18,19,20,21,22,23,24,25,26,27,28,29,
RFEBNB,1,2,3,4,5,6,7,8,9,10,11,12,13,14,15,16,17,18,19,20,21,22,23,24,25,26,27,28,29,
RFEGNB,
RFEMNB,1,2,3,4,5,6,7,8,9,10,11,12,13,14,15,16,17,18,19,20,21,22,23,24,25,26,27,28,29,
RFECONB,1,2,3,4,5,6,7,8,9,10,11,12,13,14,15,16,17,18,19,20,21,22,23,24,25,26,27,28,29,
RFECANB,
RFELR,1,2,3,4,5,6,7,8,9,10,11,12,13,14,15,16,17,18,19,20,21,22,23,24,25,26,27,28,29,
RFEKNN,
RFESGD,1,2,3,4,5,6,7,8,9,10,11,12,13,14,15,16,17,18,19,20,21,22,23,24,25,26,27,28,29,
RFERF,1,2,3,4,5,6,7,8,9,10,11,12,13,14,15,16,17,18,19,20,21,22,23,24,25,26,27,28,29,


RFECART,1,2,3,4,5,6,7,8,9,10,11,12,13,14,15,16,17,18,19,20,21,22,23,24,25,26,27,28,29,
RFESVM,1,2,3,4,5,6,7,8,9,10,11,12,13,14,15,16,17,18,19,20,21,22,23,24,25,26,27,28,29,
RFEMLP,1,2,3,4,5,6,7,8,9,10,11,12,13,14,15,16,17,18,19,20,21,22,23,24,25,26,27,28,29,
RFEBNB,1,2,3,4,5,6,7,8,9,10,11,12,13,14,15,16,17,18,19,20,21,22,23,24,25,26,27,28,29,
RFEGNB,1,2,3,4,5,6,7,8,9,10,11,12,13,14,15,16,17,18,19,20,21,22,23,24,25,26,27,28,29,
RFEMNB,1,2,3,4,5,6,7,8,9,10,11,12,13,14,15,16,17,18,19,20,21,22,23,24,25,26,27,28,29,
RFECONB,1,2,3,4,5,6,7,8,9,10,11,12,13,14,15,16,17,18,19,20,21,22,23,24,25,26,27,28,29,
RFECANB,1,2,3,4,5,6,7,8,9,10,11,12,13,14,15,16,17,18,19,20,21,22,23,24,25,26,27,28,29,
RFELR,1,2,3,4,5,6,7,8,9,10,11,12,13,14,15,16,17,18,19,20,21,22,23,24,25,26,27,28,29,
RFEKNN,1,2,3,4,5,6,7,8,9,10,11,12,13,14,15,16,17,18,19,20,21,22,23,24,25,26,27,28,29,
RFESGD,1,2,3,4,5,6,7,8,9,10,11,12,13,14,15,16,17,18,19,20,21,22,23,24,25,26,27,28,29,
RFERF,1,2,3,4,5,6,7,8,9,10,11,12,13,14,15,16,17,18,19,20,21,22,23,24,25,26,27,28,29,

kmoCART,1,2,3,4,5,6,7,8,9,10,11,12,13,14,15,16,17,18,19,20,21,22,23,24,25,26,27,28,29,
kmoSVM,1,2,3,4,5,6,7,8,9,10,11,12,13,14,15,16,17,18,19,20,21,22,23,24,25,26,27,28,29,
kmoMLP,1,2,3,4,5,6,7,8,9,10,11,12,13,14,15,16,17,18,19,20,21,22,23,24,25,26,27,28,29,
kmoBNB,1,2,3,4,5,6,7,8,9,10,11,12,13,14,15,16,17,18,19,20,21,22,23,24,25,26,27,28,29,
kmoGNB,1,2,3,4,5,6,7,8,9,10,11,12,13,14,15,16,17,18,19,20,21,22,23,24,25,26,27,28,29,
kmoMNB,1,2,3,4,5,6,7,8,9,10,11,12,13,14,15,16,17,18,19,20,21,22,23,24,25,26,27,28,29,
kmoCONB,1,2,3,4,5,6,7,8,9,10,11,12,13,14,15,16,17,18,19,20,21,22,23,24,25,26,27,28,29,
kmoCANB,1,2,3,4,5,6,7,8,9,10,11,12,13,14,15,16,17,18,19,20,21,22,23,24,25,26,27,28,29,
kmoLR,1,2,3,4,5,6,7,8,9,10,11,12,13,14,15,16,17,18,19,20,21,22,23,24,25,26,27,28,29,
kmoKNN,1,2,3,4,5,6,7,8,9,10,11,12,13,14,15,16,17,18,19,20,21,22,23,24,25,26,27,28,29,
kmoSGD,1,2,3,4,5,6,7,8,9,10,11,12,13,14,15,16,17,18,19,20,21,22,23,24,25,26,27,28,29,
kmoRF,1,2,3,4,5,6,7,8,9,10,11,12,13,14,15,16,17,18,19,20,21,22,23,24,25,26,27,28,29,
kmoCART,1,2,3,4,5,6,7,8,9,10,11,12,13,14,15,16,17,18,19,20,21,22,23,24,25,26,27,28,29,
kmoSVM,1,2,3,4,5,6,7,8,9,10,11,12,13,14,15,16,17,18,19,20,21,22,23,24,25,26,27,28,29,
kmoMLP,1,2,3,4,5,6,7,8,9,10,11,12,13,14,15,16,17,18,19,20,21,22,23,24,25,26,27,28,29,
kmoBNB,1,2,3,4,5,6,7,8,9,10,11,12,13,14,15,16,17,18,19,20,21,22,23,24,25,26,27,28,29,
kmoGNB,1,2,3,4,5,6,7,8,9,10,11,12,13,14,15,16,17,18,19,20,21,22,23,24,25,26,27,28,29,
kmoMNB,1,2,3,4,5,6,7,8,9,10,11,12,13,14,15,16,17,18,19,20,21,22,23,24,25,26,27,28,29,
kmoCONB,1,2,3,4,5,6,7,8,9,10,11,12,13,14,15,16,17,18,19,20,21,22,23,24,25,26,27,28,29,
kmoCANB,1,2,3,4,5,6,7,8,9,10,11,12,13,14,15,16,17,18,19,20,21,22,23,24,25,26,27,28,29,
kmoLR,1,2,3,4,5,6,7,8,9,10,11,12,13,14,15,16,17,18,19,20,21,22,23,24,25,26,27,28,29,
kmoKNN,1,2,3,4,5,6,7,8,9,10,11,12,13,14,15,16,17,18,19,20,21,22,23,24,25,26,27,28,29,
kmoSGD,1,2,3,4,5,6,7,8,9,10,11,12,13,14,15,16,17,18,19,20,21,22,23,24,25,26,27,28,29,
kmoRF,1,2,3,4,5,6,7,8,9,10,11,12,13,14,15,16,17,18,19,20,21,22,23,24,25,26,27,28,29,



PSOCART,16,14,19,13,13,18,12,18,18,14,16,18,17,17,15,17,15,16,16,12,14,15,16,16,14,15,15,19,16,12,
PSOSVM,17,18,21,18,21,18,21,19,17,19,19,19,21,18,18,18,14,17,15,15,20,16,16,16,21,21,15,19,18,21,
PSOMLP,15,14,18,19,11,15,18,17,13,18,15,14,16,15,11,15,12,15,18,16,19,20,15,11,14,17,15,17,18,19,
PSOBNB,1,3,2,3,2,2,3,2,1,4,1,2,1,1,1,1,2,2,2,1,3,2,1,1,2,1,1,2,1,1,
PSOGNB,13,12,10,9,17,13,12,13,18,12,15,10,13,12,11,13,15,12,15,15,12,12,11,13,13,11,9,9,10,13,
PSOMNB,13,10,11,11,11,10,13,9,10,12,11,10,12,11,7,9,10,11,7,10,13,11,9,11,11,11,6,11,7,10,
PSOCONB,12,12,13,11,8,10,9,12,12,10,10,12,10,9,12,12,8,10,10,13,11,11,8,10,11,10,10,12,9,7,
PSOCANB,16,14,16,15,15,14,17,16,18,11,15,17,17,16,16,13,15,16,15,15,16,14,20,14,17,13,20,15,12,16,
PSOLR,15,14,15,22,18,17,17,14,15,12,14,18,20,14,16,13,14,19,15,16,15,17,16,18,11,17,19,14,13,17,
PSOKNN,17,20,13,18,16,17,18,19,11,19,9,22,21,20,16,22,17,14,21,17,17,13,21,13,16,17,8,16,14,17,
PSOSGD,16,16,16,17,17,18,18,15,13,15,18,13,12,16,17,17,15,9,16,12,19,15,16,16,17,18,15,13,20,21,
PSORF,23,17,15,17,21,23,18,19,19,18,16,18,16,16,20,16,20,22,18,20,18,19,20,20,22,19,17,17,19,18,

DECART,12,19,19,21,17,18,16,17,14,17,20,13,11,16,14,16,15,17,15,18,15,17,19,16,19,15,18,19,16,16,
DESVM,19,18,18,20,20,16,20,21,19,22,20,23,20,19,19,19,17,18,20,19,20,18,19,20,20,20,20,21,22,21,
DEMLP,19,11,12,17,14,16,20,18,17,20,17,13,20,14,17,17,14,17,12,16,18,19,16,17,17,17,15,18,19,19,
DEBNB,1,3,1,2,2,1,3,1,1,1,1,1,1,1,2,1,1,1,1,1,2,1,1,1,1,1,1,1,1,1,
DEGNB,11,14,12,15,15,9,10,13,10,11,13,15,12,14,13,15,11,12,9,14,17,14,14,16,14,14,12,10,14,10,
DEMNB,10,11,9,9,13,11,7,9,9,9,12,13,12,11,14,9,9,12,9,12,11,9,10,13,12,11,10,10,10,11,
DECONB,13,10,16,13,10,13,13,15,8,8,12,13,14,9,16,13,9,9,14,13,10,10,14,14,13,14,11,10,12,12,
DECANB,12,15,13,19,11,13,14,11,18,11,16,13,16,12,14,15,15,14,15,13,11,14,14,13,16,15,14,14,14,16,
DELR,16,15,19,23,19,15,16,19,19,17,13,13,17,18,16,15,18,17,12,12,18,17,21,16,21,11,19,17,13,20,
DEKNN,16,14,20,13,15,15,12,16,15,16,16,13,12,13,17,15,12,17,17,13,11,12,17,14,13,16,16,19,16,14,
DESGD,15,12,19,18,14,20,20,16,18,18,12,12,14,23,16,20,20,13,12,10,16,19,16,17,10,13,12,18,13,17,
DERF,18,21,19,19,17,20,19,17,19,20,22,21,19,21,20,17,19,20,18,22,19,19,20,19,22,20,19,17,18,19,

CTR_GACART,
CTR_GACART,14,18,17,13,13,14,15,9,12,
CTR_GACART,11,13,16,12,16,14,11,5,12,15,14,13,12,11,
CTR_GACART,12,
CTR_GACART,11,14,
CTR_GACART,13,12,11,16,12,16,10,9,11,
CTR_GACART,12,
CTR_GACART,9,12,15,10,7,13,
CTR_GACART,10,8,
CTR_GACART,
CTR_GACART,
CTR_GACART,
CTR_GACART,
CTR_GACART,8,12,8,8,13,
CTR_GACART,
CTR_GACART,
CTR_GACART,10,11,9,11,
CTR_GACART,
CTR_GACART,13,
CTR_GACART,
CTR_GACART,
CTR_GACART,
CTR_GACART,17,
CTR_GACART,11,
CTR_GACART,15,
CTR_GACART,10,5,12,12,9,7,12,8,13,12,12,12,13,17,12,9,7,13,9,11,13,7,7,
CTR_GACART,19,15,17,16,17,13,15,16,18,17,12,15,15,12,14,15,20,17,12,18,16,18,14,14,13,16,19,13,15,10,
CTR_GASVM,
CTR_GACART,11,15,12,14,18,17,17,15,14,15,13,19,11,20,17,18,17,16,15,12,16,19,17,14,14,19,15,12,14,15,
GA_100_newfit_CART19,17,17,17,15,18,16,15,15,18,16,16,18,17,15,16,19,16,17,17,14,18,14,17,13,18,16,20,10,16,19,16,
GA_save_gene_cnt_3_17,15,17,16,16,18,17,19,16,18,18,16,16,16,20,20,21,17,18,14,17,18,17,19,17,18,15,17,18,16,
GA_save_gene_cnt_2_16,18,18,11,19,20,18,16,18,16,18,20,18,19,16,18,17,18,17,16,16,14,13,18,14,18,18,17,19,17,
GA_save_gene_cnt_2_maxiteration100_16,16,14,15,17,17,18,16,16,15,17,18,18,18,14,17,16,17,18,16,17,17,17,17,17,18,18,15,17,18,17,16,18,14,18,16,
GA_save_gene_cnt_2_popsiez100_maxiteration100_18,17,18,17,16,18,18,15,18,
GA_save_gene_MLP_cnt_2_popsiez100_maxiteration100_20,21,17,18,20,21,23,20,19,20,20,17,21,21,21,16,24,25,19,20,20,24,21,16,17,24,19,22,24,24,19,24,20,17,
GA_save_gene_MLP_cnt_2_popsiez100_maxiteration100_mechanism_218,22,22,19,18,21,22,22,21,18,22,24,16,27,22,24,23,23,20,19,22,21,23,24,21,24,20,21,21,21,22,21,25,25,21,21,18,24,23,23,21,22,
KNN_13,16,14,13,13,14,16,16,16,13,16,16,16,16,16,13,16,16,16,16,16,16,16,16,16,13,15,16,13,18,
SVM_21,22,20,21,21,21,21,24,19,19,20,21,21,22,20,20,21,22,21,21,21,19,21,23,21,19,21,19,22,21,
CANB_24,22,22,20,24,21,22,26,21,25,22,25,23,24,24,22,20,21,23,21,21,23,18,24,24,23,20,25,23,19,23,19,21,25,22,23,19,20,
LR_24,22,20,20,23,22,22,21,22,23,24,20,24,21,24,24,24,23,24,20,23,23,24,24,23,23,23,23,21,20,
CART_15,14,17,18,14,15,14,12,15,16,17,17,14,16,17,16,17,18,16,14,17,17,14,17,14,18,15,18,15,15,
SGD_23,23,21,22,21,19,21,22,23,20,24,24,21,20,22,20,19,22,22,26,21,21,21,26,21,23,23,20,23,21,
RF_21,20,21,19,20,22,21,20,21,19,21,20,21,22,21,21,21,20,20,18,18,22,18,20,19,19,21,22,21,21,

PSOCART iter_100_size_100,4,
PSOCART iter_100_size_100,10,
PSOCART iter_100_size_100,6,8,9,9,8,10,10,10,10,9,6,10,7,9,9,11,9,9,6,9,11,8,11,10,8,10,9,9,10,9,
PSOSVM iter_100_size_100,7,8,8,7,7,8,6,7,5,6,7,3,6,4,5,5,6,5,4,6,7,7,7,7,4,6,7,3,5,4,
PSOMLP iter_100_size_100,6,4,9,4,4,4,8,3,5,5,5,6,4,5,12,11,4,4,5,4,5,4,8,4,7,4,9,4,4,4,
PSOBNB iter_100_size_100,1,
PSOGNB iter_100_size_100,4,3,2,3,7,4,5,2,3,4,5,2,2,4,3,2,3,2,2,3,5,4,2,3,5,3,4,4,
PSOGNB iter_100_size_100,5,5,4,4,4,2,4,3,4,2,3,2,5,4,3,2,3,2,5,3,3,5,4,3,3,4,3,7,2,5,
PSOMNB iter_100_size_100,6,7,6,6,9,7,6,5,7,3,4,6,7,5,6,7,6,8,6,8,7,7,6,9,7,5,6,6,6,7,
PSOCONB iter_100_size_100,6,5,6,6,6,4,3,5,6,5,6,8,5,5,5,5,7,8,6,4,7,4,7,6,7,7,5,5,5,6,
PSOCANB iter_100_size_100,7,7,6,6,5,4,8,7,6,6,4,4,9,4,5,7,4,7,7,5,5,5,6,7,4,4,4,5,5,9,
PSOLR iter_100_size_100,4,5,5,4,4,5,5,5,5,4,4,5,4,5,5,4,4,5,4,5,5,5,4,5,5,6,5,4,5,5,
PSOKNN iter_100_size_100,9,9,7,6,7,6,7,7,8,9,8,7,4,9,8,7,8,9,7,7,8,7,10,5,4,10,7,7,4,4,
PSOSGD iter_100_size_100,5,3,3,5,6,4,3,4,4,5,6,6,4,4,6,4,4,6,6,5,4,4,6,3,4,4,4,4,6,5,
PSORF iter_100_size_100,9,10,8,7,6,7,9,8,11,10,9,8,12,6,9,9,9,9,8,11,6,8,10,8,8,8,10,11,8,7,
DE_iter_100_size_100_CART,10,6,
DE_iter_100_size_100_CART,
DE_iter_100_size_100_CART,7,7,7,7,6,7,6,7,7,8,7,6,8,7,8,7,6,6,7,6,8,8,7,6,5,6,6,6,7,7,
DE_iter_100_size_100_SVM,7,7,7,7,7,7,7,7,7,7,5,7,7,7,7,7,7,7,7,7,7,7,7,7,7,7,7,7,7,7,
DE_iter_100_size_100_MLP,4,3,4,4,4,4,3,4,4,4,3,4,3,4,4,4,4,4,4,4,3,4,5,3,3,5,4,3,4,4,
DE_iter_100_size_100_GNB,2,2,2,2,2,2,2,2,2,2,2,2,2,2,2,2,2,2,2,2,2,2,2,2,2,2,2,2,2,2,
DE_iter_100_size_100_MNB,3,3,3,3,5,3,3,3,3,3,3,3,3,3,4,5,3,3,3,3,3,3,3,3,4,3,3,3,3,3,
DE_iter_100_size_100_CONB,3,3,3,3,3,3,3,3,3,5,3,3,3,3,3,3,3,3,3,3,3,3,3,3,3,3,3,3,3,3,
DE_iter_100_size_100_CANB,3,3,3,3,3,3,3,3,3,3,3,3,3,3,3,3,3,3,3,3,3,3,3,3,3,3,3,3,3,3,
DE_iter_100_size_100_LR,4,4,4,4,4,4,4,4,4,4,4,4,4,4,4,4,4,4,4,4,4,4,4,4,4,4,4,4,4,4,
DE_iter_100_size_100_KNN,6,6,6,6,6,6,6,4,6,6,6,6,6,6,6,6,6,6,6,6,6,6,6,6,6,6,6,6,6,6,
DE_iter_100_size_100_SGD,3,3,3,3,3,3,3,3,3,3,3,3,3,3,3,3,3,3,3,3,3,3,3,3,3,3,3,3,3,3,
DE_iter_100_size_100_RF,6,7,6,6,6,7,7,6,6,7,6,7,6,6,6,6,6,7,9,7,7,6,7,6,7,6,6,7,6,6,
GA_iterate100_size100_CART iter_100_size_100,
GA_iterate100_size100_CART iter_100_size_100,
GA_iterate100_size100_CART iter_100_size_100,15,
GA_iterate100_size100_CART iter_100_size_100,
GA_iterate100_size100_CART iter_100_size_100,
GA_iterate100_size100_CART iter_100_size_100,
GA_iterate100_size100_CART iter_100_size_100,9,
GA_iterate100_size100_CART iter_100_size_100,8,8,8,
GA_iterate100_size100_CART iter_100_size_100,
GA_iterate100_size100_CART iter_100_size_100,
GA_iterate100_size100_CART iter_100_size_100,
GA_iterate100_size100_CART iter_100_size_100,6,9,8,6,6,6,6,6,9,6,6,6,6,6,6,6,6,6,6,6,6,6,6,6,6,6,6,6,6,6,
GA_iterate100_size100_SVM iter_100_size_100,6,6,6,6,6,7,5,6,6,6,6,7,7,6,7,6,6,4,6,6,4,6,6,6,7,6,7,6,7,4,
GA_iterate100_size100_MLP iter_100_size_100,4,4,4,4,5,4,4,4,4,4,4,4,4,4,6,4,4,4,4,8,4,4,4,4,4,4,4,4,4,4,
GA_iterate100_size100_CANB iter_100_size_100,4,4,4,4,4,4,4,4,4,4,4,4,4,4,4,4,4,4,4,4,4,4,4,4,4,4,4,4,4,4,
GA_iterate100_size100_LR iter_100_size_100,5,4,4,4,4,5,4,4,4,4,5,4,5,4,4,5,4,4,4,4,5,4,4,4,4,4,5,4,4,4,
GA_iterate100_size100_KNN iter_100_size_100,6,10,5,5,4,5,6,5,4,6,4,8,4,6,5,6,5,5,6,6,4,5,4,8,4,6,4,5,6,6,
GA_iterate100_size100_SGD iter_100_size_100,4,4,4,4,4,4,4,4,4,4,4,4,4,4,4,4,4,4,4,4,4,4,4,4,4,4,4,4,4,4,
GA_iterate100_size100_RF iter_100_size_100,6,6,6,6,6,6,8,6,6,8,6,7,6,6,6,6,6,6,6,8,6,8,6,8,7,8,8,6,6,8,
GA_iterate100_size100_RIECM_CART iter_100_size_100,
GA_iterate100_size100_RIECM_CART iter_100_size_100,
GA_iterate100_size100_RIECM_CART iter_100_size_100,
GA_iterate100_size100_RIECM_CART iter_100_size_100,
GA_iterate100_size100_RIECM_CART iter_100_size_100,
GA_iterate100_size100_RIECM_CART iter_100_size_100,9,9,8,
GA_iterate100_size100_RIECM_CART iter_100_size_100,
GA_iterate100_size100_RIECM_CART iter_100_size_100,9,7,7,9,9,9,9,7,9,9,10,7,9,8,9,7,9,9,9,9,10,9,7,9,7,9,7,9,7,7,
GA_iterate100_size100_RIECM_MLP iter_100_size_100,7,5,10,5,7,7,7,8,8,8,6,5,9,9,5,5,4,5,6,5,6,5,3,5,5,7,5,5,6,6,
GA_iterate100_size100_RIECM_CANB iter_100_size_100,4,4,4,4,4,4,4,4,4,4,4,4,4,4,4,4,4,4,4,4,4,4,4,4,4,4,4,7,4,4,
GA_iterate100_size100_RIECM_LR iter_100_size_100,7,3,5,7,7,7,7,7,7,7,7,7,7,7,7,7,7,7,7,7,7,7,7,7,7,7,7,7,7,7,
GA_iterate100_size100_RIECM_KNN iter_100_size_100,9,7,7,6,7,8,7,6,7,7,9,8,6,7,7,5,7,8,7,7,7,7,7,7,7,7,7,8,8,7,
GA_iterate100_size100_RIECM_SGD iter_100_size_100,3,4,3,6,4,6,4,4,4,4,3,3,4,3,4,4,3,4,4,4,4,4,6,5,4,4,4,6,4,4,
PSO_100_100_newCART iter_100_size_100,
PSO_100_100_newCART iter_100_size_100,
PSO_100_100_newCART iter_100_size_100,
PSO_100_100_newCART iter_100_size_100,
PSO_100_100_newCART iter_100_size_100,
PSO_100_100_newCART iter_100_size_100,
PSO_100_100_newCART iter_100_size_100,
PSO_100_100_newCART iter_100_size_100,
PSO_100_100_newCART iter_100_size_100,
PSO_100_100_newCART iter_100_size_100,
PSO_100_100_newCART iter_100_size_100,
PSO_100_100_newCART iter_100_size_100,
PSO_100_100_newCART iter_100_size_100,6,
PSO_100_100_newCART iter_100_size_100,
PSO_100_100_newCART iter_100_size_100,9,8,8,5,9,8,3,9,8,6,8,8,10,9,6,9,8,6,8,6,7,8,8,11,7,9,10,9,8,7,
PSO_100_100_newMLP iter_100_size_100,4,6,10,9,
PSO_100_100_newCART iter_100_size_100,8,
PSO_100_100_newMLP iter_100_size_100,4,
PSO_100_100_newMLP iter_100_size_100,5,
PSO_100_100_newMLP iter_100_size_100,5,
EA_100_100_newMLP iter_100_size_100,

EA_100_100_newMLP iter_100_size_100,19,22,19,
EA_100_100_newMLP iter_100_size_100,22,
EA_100_100_newMLP iter_100_size_100,19,18,17,24,18,18,16,20,22,17,24,16,19,16,15,22,16,14,18,19,21,17,22,16,20,19,22,14,17,15,
EA_100_100_newCANB iter_100_size_100,19,23,20,21,22,20,20,18,20,21,19,21,19,20,20,20,20,21,19,22,19,25,24,22,20,21,23,18,22,23,
EA_100_100_newLR iter_100_size_100,19,19,21,22,20,24,24,21,18,20,23,16,24,19,20,20,23,25,22,22,19,20,19,22,21,22,23,21,17,24,
EA_100_100_newKNN iter_100_size_100,19,15,18,13,13,18,16,20,19,21,16,12,26,12,17,12,16,18,18,14,16,21,21,18,15,14,14,19,20,16,
EA_100_100_newCART iter_100_size_100,17,17,16,19,19,18,15,20,17,18,18,18,19,18,15,18,13,16,20,15,16,18,17,18,21,23,14,18,15,16,
EA_100_100_newSGD iter_100_size_100,19,20,20,15,21,18,21,15,15,21,17,19,22,14,20,21,19,20,18,18,21,19,18,21,16,16,21,18,20,25,
EA_100_100_newsvm iter_100_size_100,
EA_100_100_newSVM iter_100_size_100,18,18,22,23,22,24,19,18,21,25,20,20,24,21,19,28,22,24,23,18,21,19,21,24,20,23,24,16,21,19,
EA_100_100_newRF iter_100_size_100,22,16,22,18,19,19,22,18,21,19,23,24,20,19,20,20,19,19,20,21,19,22,19,23,21,21,22,22,20,19,
DE_iter_100_size_100_CART,10,
DE_iter_100_size_100_SVM,
DE_iter_100_size_100_CART,
DE_iter_100_size_100_RIECM_CART,
DE_iter_100_size_100_RIECM_CART,7,
DE_iter_100_size_100_RIECM_MLP,
DE_iter_100_size_100_RIECM_MLP,
DE_iter_100_size_100_RIECM_MLP,
DE_iter_100_size_100_RIECM_MLP,
DE_iter_100_size_100_RIECM_MLP,
DE_iter_100_size_100_RIECM_MLP,
DE_iter_100_size_100_RIECM_MLP,
DE_iter_100_size_100_RIECM_MLP,
DE_iter_100_size_100_RIECM_MLP,
DE_iter_100_size_100_RIECM_MLP,
DE_iter_100_size_100_RIECM_MLP,
DE_iter_100_size_100_RIECM_MLP,4,
DE_iter_100_size_100_RIECM_MLP,6,
DE_iter_100_size_100_RIECM_MLP,3,
DE_iter_100_size_100_RIECM_MLP,8,
DE_iter_100_size_100_RIECM_MLP,3,3,2,3,5,4,5,4,4,2,4,2,3,8,3,8,7,3,3,6,5,2,8,5,3,3,7,3,7,8,
DE_iter_100_size_100_RIECM_CART,6,6,7,8,5,6,4,9,7,7,8,8,7,4,6,5,6,7,7,4,6,8,5,4,9,10,6,7,11,8,
DE_iter_100_size_100_RIECM_SVM,7,6,4,4,3,5,4,6,4,7,5,7,3,3,4,5,5,4,4,5,4,5,3,6,3,5,6,5,3,5,
DE_iter_100_size_100_RIECM_CANB,3,4,5,5,4,5,4,5,4,4,4,4,3,2,4,3,5,4,5,5,4,3,5,6,5,4,4,4,4,4,
DE_iter_100_size_100_RIECM_LR,4,2,3,3,5,3,3,2,3,4,4,2,3,4,4,4,2,4,5,4,4,3,4,4,3,3,5,3,2,3,
DE_iter_100_size_100_RIECM_KNN,4,6,6,3,3,6,5,7,6,7,3,7,6,4,9,6,5,3,6,6,6,7,10,4,8,5,4,9,8,8,
DE_iter_100_size_100_RIECM_SGD,4,7,6,2,7,4,2,5,5,7,3,3,3,3,3,4,6,2,5,3,3,5,5,5,3,2,5,3,6,4,
DE_iter_100_size_100_RIECM_RF,10,7,8,4,7,7,8,4,9,9,6,9,6,4,11,9,10,9,7,6,4,6,6,11,7,12,8,6,9,7,
chi-squareCART,
Mendeley
GA_iterate100_size100_CART iter_100_size_100,7,7,8,7,7,7,7,7,7,7,8,7,7,8,7,7,7,7,8,7,7,7,7,7,7,7,7,7,7,7,
GA_iterate100_size100_KNN iter_100_size_100,8,7,6,6,8,8,8,6,8,8,6,8,8,8,8,8,6,8,6,8,8,6,6,7,8,8,8,8,6,8,
DE_iter_100_size_100_CART,9,7,8,7,6,7,8,7,7,5,7,8,5,8,6,7,7,7,7,7,7,5,7,6,7,7,7,7,5,6,
DE_iter_100_size_100_KNN,6,7,7,6,6,7,6,6,6,7,6,7,6,6,6,6,6,7,6,6,7,6,6,7,6,6,6,7,6,7,
PSO_100_100CART iter_100_size_100,8,8,11,9,9,10,11,10,9,11,8,7,7,11,10,8,10,11,10,12,8,11,9,12,10,13,11,9,6,12,
PSO_100_100KNN iter_100_size_100,9,13,9,9,11,11,10,11,9,10,9,8,10,12,8,10,9,10,8,11,12,9,12,12,5,13,10,11,10,10,
DE_iter_100_size_100_RIECM_CART,5,3,7,9,8,4,8,5,4,6,6,3,3,9,3,8,8,3,3,5,3,3,4,4,3,7,6,5,6,6,
DE_iter_100_size_100_RIECM_KNN,7,6,11,7,7,4,3,4,5,9,9,6,6,8,7,5,7,8,6,6,4,6,7,6,6,6,6,8,6,7,
chi-squareCART,1,2,3,4,5,6,7,8,9,10,11,12,13,14,15,16,17,18,19,20,21,22,23,24,25,26,27,28,29,30,31,32,33,34,35,36,37,38,39,40,41,42,43,44,45,46,47,
chi-squareKNN,1,2,3,4,5,6,7,8,9,10,11,12,13,14,15,16,17,18,19,20,21,22,23,24,25,26,27,28,29,30,31,32,33,34,35,36,37,38,39,40,41,42,43,44,45,46,47,
K_personCART,1,2,3,4,5,6,7,8,9,10,11,12,13,14,15,16,17,18,19,20,21,22,23,24,25,26,27,28,29,30,31,32,33,34,35,36,37,38,39,40,41,42,43,44,45,46,47,
K_personKNN,1,2,3,4,5,6,7,8,9,10,11,12,13,14,15,16,17,18,19,20,21,22,23,24,25,26,27,28,29,30,31,32,33,34,35,36,37,38,39,40,41,42,43,44,45,46,47,
kmoCART,1,2,3,4,5,6,7,8,9,10,11,12,13,14,15,16,17,18,19,20,21,22,23,24,25,26,27,28,29,30,31,32,33,34,35,36,37,38,39,40,41,42,43,44,45,46,47,
kmoKNN,1,2,3,4,5,6,7,8,9,10,11,12,13,14,15,16,17,18,19,20,21,22,23,24,25,26,27,28,29,30,31,32,33,34,35,36,37,38,39,40,41,42,43,44,45,46,47,
RFECART,1,2,3,4,5,6,7,8,9,10,11,12,13,14,15,16,17,18,19,20,21,22,23,24,25,26,27,28,29,30,31,32,33,34,35,36,37,38,39,40,41,42,43,44,45,46,47,
RFEKNN,1,2,3,4,5,6,7,8,9,10,11,12,13,14,15,16,17,18,19,20,21,22,23,24,25,26,27,28,29,30,31,32,33,34,35,36,37,38,39,40,41,42,43,44,45,46,47,
GA_Mendeley_iterate100_size100_CART iter_100_size_100,6,6,5,6,6,7,5,5,6,6,6,6,6,6,6,6,6,6,6,5,6,5,6,6,6,6,5,5,6,6,
GA_Mendeley_iterate100_size100_KNN iter_100_size_100,7,5,5,7,5,5,5,7,5,5,7,7,5,5,7,5,5,7,5,5,7,7,7,7,7,5,7,7,7,7,
GA_Mendeley_iterate100_size100_RIECM_CART iter_100_size_100,6,6,6,6,6,6,6,6,6,6,6,6,6,6,6,6,6,6,6,6,6,6,6,6,6,6,6,6,6,6,
GA_Mendeley_iterate100_size100_RIECM_KNN iter_100_size_100,4,4,4,4,4,4,4,4,4,4,4,4,4,4,4,4,4,4,4,4,4,4,4,4,4,4,4,4,4,4,
GA_UCI_iterate100_size100_RIECM_CART iter_100_size_100,7,10,10,7,7,10,7,7,7,10,7,7,10,7,10,7,10,7,7,10,7,10,10,10,10,7,7,7,10,7,
GA_UCI_iterate100_size100_RIECM_KNN iter_100_size_100,5,4,7,4,5,7,7,7,4,7,5,5,7,5,5,7,7,7,5,7,5,5,5,5,7,5,5,7,7,5,
GA_UCI_iterate100_size100_CART iter_100_size_100,6,5,5,5,9,6,5,5,5,5,5,6,5,5,9,6,6,7,9,9,9,5,5,9,5,5,5,5,5,9,
GA_UCI_iterate100_size100_KNN iter_100_size_100,4,4,4,4,4,4,4,4,4,6,4,7,4,7,4,4,4,6,4,4,4,4,4,7,4,6,4,4,4,4,
Mendeley

DE_iter_100_size_100_CART,25,23,22,22,23,22,27,25,24,24,
DE_iter_100_size_100_ECDE_CART,32,30,21,24,26,27,25,27,24,21,


GA_Mendeley_iterate100_size100_CART iter_100_size_100,27,26,28,24,27,29,24,25,27,29,
ECGA_Mendeley_iterate100_size100_CART iter_100_size_100,29,25,26,27,24,22,25,25,22,25,

PSO_Mendeley_100_100_CART iter_100_size_100,
PSO_Mendeley_100_100_CART iter_100_size_100,
PSO_Mendeley_100_100_CART iter_100_size_100,30,23,31,26,27,23,25,28,24,27,
ECPSO_Mendeley_100_100_CART iter_100_size_100,21,21,26,23,25,27,26,25,24,32,
GA_UCI_iterate100_size100_CART iter_100_size_100,18,20,19,18,19,19,20,18,19,19,
ECGA_UCI_iterate100_size100_CART iter_100_size_100,20,20,17,22,21,21,21,18,21,19,
GA_Mendeley_iterate100_size100_CART iter_100_size_100,26,18,22,21,25,18,25,25,29,31,
ECGA_Mendeley_iterate100_size100_CART iter_100_size_100,20,29,24,24,26,28,21,26,28,19,
GA_Mendeley_iterate100_size100_shuff_CART iter_100_size_100,26,22,26,28,16,25,25,23,22,22,
ECGA_Mendeley_iterate100_size100_shuff_CART iter_100_size_100,24,29,25,26,26,25,22,32,29,27,

GA_Mendeley_iterate100_size100_k_fold_CART iter_100_size_100,23,19,21,18,19,19,23,21,25,16,
ECGA_Mendeley_iterate100_size100_k_fold_CART iter_100_size_100,25,21,22,22,28,18,21,21,18,23,
WFS_Mendeley_k_fold_CART iter_100_size_100,48,48,48,48,48,48,48,48,48,48,
WFS_Mendeley_k_fold_KNN iter_100_size_100,48,48,48,48,48,48,48,48,48,48,
WFS_UCI_k_fold_CART iter_100_size_100,30,30,30,30,30,30,30,30,30,30,
WFS_UCI_k_fold_KNN iter_100_size_100,30,30,30,30,30,30,30,30,30,30,
WFS_UCI_shuff_CART iter_100_size_100,30,30,30,30,30,30,30,30,30,30,
WFS_UCI_shuff_KNN iter_100_size_100,30,30,30,30,30,30,30,30,30,30,
WFS_Mendeley_shuff_CART iter_100_size_100,48,48,48,48,48,48,48,48,48,48,
WFS_Mendeley_shuff_KNN iter_100_size_100,48,48,48,48,48,48,48,48,48,48,
WFS_Mendeley_shuff_KNN iter_100_size_100,48,48,48,48,48,48,48,48,48,48,
WFS_UCIoriginal_shuff_KNN iter_100_size_100,30,30,30,30,30,30,30,30,30,30,
WFS_UCIduplicate_shuff_KNN iter_100_size_100,30,30,30,30,30,30,30,30,30,30,
WFS_UCI_shuff_CART iter_100_size_100,30,30,30,30,30,30,30,30,30,30,
WFS_UCI_duplicate_shuff_CART iter_100_size_100,30,30,30,30,30,30,30,30,30,30,
ECGA_UCI_iterate100_size100_k_fold_CART iter_100_size_100,21,19,20,21,21,21,18,20,20,18,
ECGA_UCI_iterate100_size100_k_fold_KNN iter_100_size_100,
ECGA_UCI_iterate100_size100_k_fold_KNN iter_100_size_100,
WFS_UCI_duplicate_K_fold_CART iter_100_size_100,30,30,30,30,30,30,30,30,30,30,
WFS_UCI_duplicate_K_fold_KNN iter_100_size_100,30,30,30,30,30,30,30,30,30,30,
WFS_UCI_duplicate_K_fold_CART iter_100_size_100,30,30,30,30,30,30,30,30,30,30,
WFS_UCI_duplicate_K_fold_CART iter_100_size_100,30,30,30,30,30,30,30,30,30,30,
WFS_UCI_duplicate_K_fold_CART iter_100_size_100,30,30,30,30,30,30,30,30,30,30,
WFS_UCI_duplicate_K_fold_KNN iter_100_size_100,30,30,30,30,30,30,30,30,30,30,
WFS_UCI_duplicate_K_fold_KNN iter_100_size_100,30,30,30,30,30,30,30,30,30,30,
WFS_UCI_duplicate_K_fold_KNN iter_100_size_100,30,30,30,30,30,30,30,30,30,30,
WFS_Mendeley_duplicate_K_fold_CART iter_100_size_100,48,48,48,48,48,48,48,48,48,48,
WFS_Mendeley_duplicate_K_fold_CART iter_100_size_100,48,48,48,48,48,48,48,48,48,48,
WFS_Mendeley_duplicate_K_fold_CART iter_100_size_100,48,48,48,48,48,48,48,48,48,48,
WFS_Mendeley_duplicate_K_fold_KNN iter_100_size_100,48,48,48,48,48,48,48,48,48,48,
WFS_Mendeley_duplicate_K_fold_KNN iter_100_size_100,48,48,48,48,48,48,48,48,48,48,
WFS_Mendeley_duplicate_K_fold_KNN iter_100_size_100,48,48,48,48,48,48,48,48,48,48,
ECGA_UCI_iterate100_size100_20_fold_CART iter_100_size_100,20,18,20,20,20,18,18,20,21,20,
ECGA_UCI_iterate100_size100_20_fold_KNN iter_100_size_100,
ECGA_Mendeley_iterate100_size100_20_fold_CART iter_100_size_100,30,25,24,23,
test_ECGA_Mendeley_iterate100_size100_20_fold_CART iter_100_size_100,
test_ECGA_Mendeley_iterate100_size100_20_fold_CART iter_100_size_100,
test_ECGA_Mendeley_iterate100_size100_20_fold_CART iter_100_size_100,
test_ECGA_Mendeley_iterate100_size100_20_fold_CART iter_100_size_100,
test_ECGA_Mendeley_iterate100_size100_20_fold_CART iter_100_size_100,
test_ECGA_Mendeley_iterate100_size100_20_fold_CART iter_100_size_100,29,
new
ECGA_Mendeley_iterate100_size100_10_fold_CART iter_100_size_100,26,
Kfold_DIY
ECGA_Mendeley_iterate100_size100_10_fold_CART iter_100_size_100,26,24,21,24,26,26,26,24,23,26,
ECGA_Mendeley_iterate100_size100_10_fold_KNN iter_100_size_100,22,22,21,21,22,17,
ECGA_Mendeley_iterate100_size100_10_fold_KNN iter_100_size_100,24,24,
ECGA_UCI_iterate100_size100_10_fold_CART iter_100_size_100,17,19,20,19,20,
ECGA_UCI_iterate100_size100_10_fold_KNN iter_100_size_100,21,21,20,
WFS_Mendeley_duplicate_10_fold_CART iter_100_size_100,48,
WFS_Mendeley_duplicate_10_fold_KNN iter_100_size_100,48,
WFS_UCI_duplicate_10_fold_CART iter_100_size_100,30,
WFS_UCI_duplicate_10_fold_KNN iter_100_size_100,30,
WFS_UCI_duplicate_10_fold_CART iter_100_size_100,30,
WFS_UCI_duplicate_10_fold_KNN iter_100_size_100,30,
ECGA_UCI_original_iterate100_size100_10_fold_CART iter_100_size_100,25,25,24,24,24,
ECGA_UCI_original_iterate100_size100_10_fold_KNN iter_100_size_100,24,24,24,22,22,
WFS_UCI_original_10_fold_CART iter_100_size_100,30,30,30,30,30,
WFS_UCI_original_10_fold_KNN iter_100_size_100,30,30,30,30,30,