Mendeley

DE_iter_100_size_100_CART,[ 1  9 11 12 13 14 15 16 22 24 26 27 28 29 33 34 35 36 37 39 41 44 45 46
 47],[ 1  7  9 13 14 15 19 22 24 25 26 27 28 29 33 34 35 39 40 41 42 45 46],[ 1  9 11 13 14 15 16 19 22 24 26 27 28 29 33 34 37 39 41 45 46 47],[ 2  7  8 11 13 14 19 24 25 26 27 28 29 30 33 34 36 38 39 40 43 45],[ 2  7  8  9 10 12 13 14 15 16 24 25 26 27 28 29 33 34 37 38 41 45 47],[ 7 11 12 13 14 15 17 19 22 24 26 27 28 29 33 34 36 39 44 45 46 47],[ 1  6  9 11 13 14 15 16 19 22 23 24 26 27 28 29 33 34 35 36 37 39 40 41
 42 45 46],[ 2  6  7  8  9 10 13 14 15 16 18 19 24 26 27 28 29 32 33 34 36 38 41 45
 47],[ 1  7  9 11 13 14 15 16 22 24 26 27 28 29 33 34 36 39 41 42 44 45 46 47],[ 1  7  9 10 12 13 14 15 16 19 24 26 27 28 29 33 34 37 39 40 44 45 46 47],
DE_iter_100_size_100_ECDE_CART,[ 0  1  2  4  7  8  9 10 12 14 15 17 18 19 23 26 27 28 29 31 33 34 35 37
 38 39 40 41 42 45 46 47],[ 2  4  5  7  9 10 11 12 14 15 16 17 18 25 26 27 28 29 30 31 32 33 34 36
 38 39 42 43 46 47],[ 0  1  2  4  8  9 10 14 17 26 27 28 29 31 33 34 38 41 43 45 46],[ 6  7  9 10 11 12 14 17 18 23 26 27 28 29 30 31 32 33 34 36 38 39 45 47],[ 5  7  9 10 11 12 14 15 19 24 26 27 28 29 30 31 32 33 34 37 38 39 40 43
 45 46],[ 1  2  7  8  9 10 12 13 14 15 23 24 26 27 28 29 30 31 32 33 35 39 40 43
 44 45 46],[ 7  9 10 11 12 14 26 27 28 29 31 32 33 34 35 36 37 38 39 41 42 43 44 45
 47],[ 1  2  7  8 10 11 13 14 16 18 19 24 27 28 29 30 31 33 35 36 38 39 40 42
 43 46 47],[ 0  1  2  4  9 14 15 16 17 23 26 27 28 29 30 31 33 34 36 37 38 39 44 46],[ 1  4  5  6 10 14 23 24 26 27 28 29 30 32 33 34 36 37 39 40 41],